3922
4732
2712
2742
5452
2053
3583
2164
5292
3990
1025
2343
6435
1268
657
986
6121
4058
1801
6564
1724
4264
5263
3722
1809
6073
1266
4813
5192
1987
3948
4683
5732
0
1149
4586
5417
3770
2245
1032
1445
5153
4979
4863
3124
3178
6023
6238
4078
1584
2805
6222
2196
2271
2240
5938
3344
3346
1342
6488
3606
1735
5223
5248
5041
2101
4120
4358
991
1207
2071
2161
6607
311
6492
1684
5477
4827
5527
2639
3495
264
5118
1440
6155
2652
2757
3696
2711
762
5704
1458
531
5432
5645
3888
5303
2390
2116
3256
6174
3393
2610
655
4140
5754
1680
1776
3004
6233
6464
2358
2918
1390
3197
4854
3430
4541
5349
3056
2912
518
6122
6311
6240
586
6432
1041
359
6377
4346
1023
1823
1125
3529
3461
5209
2385
4688
1591
4831
6423
497
6342
5456
4677
4110
3879
2888
3286
546
1760
2567
5391
5710
6151
5580
14
987
882
572
401
2097
5720
5662
644
1641
1761
4656
21
3022
6159
937
4799
5445
4952
4412
2952
3227
1908
2748
2665
5911
1671
984
566
7
4373
525
6353
153
2895
4722
2018
5334
4704
1313
1168
1839
4312
6083
5114
4100
847
4819
5120
5034
6103
4289
122
3195
4491
5032
2624
4506
5022
848
2110
1926
4618
2392
1924
5061
6359
3469
3876
3276
5469
1528
1672
5038
4815
2440
619
4809
2259
3174
3224
4146
4930
6185
1330
6582
3625
864
15
5593
3834
255
1188
5584
5566
4024
3446
6627
3333
2609
1961
2623
5388
6418
5169
217
2411
3570
4286
1498
5179
3390
2081
139
922
5056
789
4664
3767
4511
3581
1237
3315
3359
5102
1547
3171
4464
6497
6310
4623
4761
3698
6102
709
5945
5172
5625
5821
3447
2452
4935
1233
3048
851
6078
5216
4543
3627
1411
1247
2497
6093
43
4617
2592
6595
5841
5773
105
464
281
3243
5019
4427
5887
2241
2943
3036
2720
3328
2830
3835
781
2626
6124
2214
2215
2977
4662
4924
4901
6647
4111
389
4209
5586
2754
1914
1401
509
5250
2729
580
994
5516
6321
5155
1812
4786
680
5627
5185
1485
4457
5693
6259
3765
3037
628
2447
5647
5363
5025
4646
4989
989
5361
3374
2804
2354
1289
4282
334
2332
520
4245
27
4612
4258
102
543
2131
2579
2298
1179
2250
3946
674
4431
2171
1978
517
541
1616
2668
1529
6152
6143
1343
1802
4839
3787
3751
3497
4020
1958
5644
2100
4085
1985
5443
869
5770
3085
4853
1698
1815
4776
688
5976
3592
2505
1851
705
5480
3873
4719
5252
5406
25
261
250
6
2501
4208
1005
6542
726
4104
3398
6467
1800
5015
4614
3034
5338
4699
5318
3788
5324
3084
4362
5325
1655
3081
2391
6633
4516
2290
5230
2570
6502
3811
5918
971
960
1996
4265
3502
5947
3916
4778
2244
5991
4017
1375
1283
1716
6146
5115
6646
4771
1173
3417
5152
6369
5369
5727
5777
1719
5258
3629
143
627
1795
4281
5233
6081
6195
5507
6373
6272
4115
4993
4046
2028
479
5191
2941
5286
2046
1629
6618
6025
4823
1437
4883
5081
3702
6187
395
3737
3040
4319
97
1177
4031
4468
4300
4334
4867
1534
4749
6523
429
3729
2566
5699
5602
6428
1269
830
5689
3979
4751
5339
397
1945
2337
3587
3216
4123
3510
3477
3563
5640
3306
2309
4380
6614
6589
240
1402
810
6652
1016
1704
2352
5768
6598
6001
6565
1092
3190
3452
5063
1545
1568
1046
2532
3547
1000
5483
535
3732
5855
286
1667
6513
2030
596
5020
3515
2382
1165
2140
4345
5413
4947
577
4825
4882
190
3559
5400
2125
1019
701
5166
6220
4686
95
2346
3542
2625
6112
858
826
904
5941
2602
4279
3214
308
2413
3971
4890
5212
4351
5123
301
1594
2776
1089
6161
1282
865
4130
2916
5467
2334
3684
4353
1323
290
1521
6560
504
1931
2700
5366
6312
1415
524
6032
90
1695
2562
2778
4197
4243
4607
5857
1037
4396
3453
4080
2618
5908
4531
1400
6162
4744
5187
45
985
4161
4758
2875
1865
4938
117
3631
4701
1388
166
5075
1538
1014
3944
1352
3341
3126
1170
4816
6637
4547
1799
6381
4303
6147
2367
2929
4037
782
125
4575
5928
1142
211
952
3457
3840
5055
1794
687
2407
4453
902
1350
4832
4467
4558
2493
5147
3400
219
590
4676
4544
4218
2109
1167
5180
6448
247
1002
877
441
5564
4521
741
6638
3465
2047
6550
3429
6020
2350
1766
1887
938
4207
2490
188
1923
640
5350
3376
5840
5474
1746
4955
736
1516
4079
3936
6366
4034
1150
1633
44
2450
5311
1132
3755
2601
3817
3760
51
5220
3485
2463
5412
4066
2798
5782
3123
3802
160
3655
1224
185
2279
4785
3569
5068
4926
3299
5772
1474
4685
3710
2135
4842
6292
2021
4654
2476
5909
5430
5207
581
3304
6013
5578
3142
2932
5759
1868
1322
1919
4712
849
360
861
6494
5934
5506
1302
6579
4272
4638
96
3426
5135
1525
1929
1661
5607
1148
1705
5673
2188
4894
6529
1443
1300
2067
2256
237
1452
4520
4782
2126
2249
4884
2210
459
5686
3343
5758
6300
1438
2302
3423
2458
2617
154
944
4136
788
2483
5195
6314
4204
2991
3377
3524
6434
6280
2571
5335
3832
4428
4443
819
5896
390
5184
2442
1078
1617
5214
254
435
4254
3557
312
956
3237
1710
2999
1734
184
151
430
4716
6363
2295
316
5582
4690
5053
6645
6374
3437
2456
795
4929
2767
4397
2134
528
2416
3434
6417
1034
1862
5107
739
1731
1040
1484
5165
6358
4696
5158
4700
3280
1803
4087
1296
220
5889
660
3908
3914
2
2740
708
364
6453
1739
995
4216
4939
6182
4304
669
5188
767
2400
4966
823
1084
632
6194
4763
6604
1209
2664
6320
4182
6498
1992
1137
408
1196
6170
4807
4076
5703
4438
129
1064
205
1413
186
4961
3584
5415
4259
1645
1066
9
1369
3742
2535
3295
1351
3501
251
5805
2412
3804
2822
754
5291
722
5878
3638
4043
3319
4958
4717
647
4994
3784
551
3982
6117
2707
3828
890
2319
5914
1632
1379
719
5289
5181
1622
3008
5711
1546
784
4766
1218
6422
1365
1070
113
5683
3372
3232
3954
3846
1826
3987
2044
5237
1434
3768
3473
5588
3566
4818
2962
4458
493
5745
2516
1960
5282
5988
4555
6150
5708
1285
3428
6209
6446
2622
84
803
4356
167
94
5785
1518
2628
2674
2166
5543
5275
4592
486
4405
2772
3759
1053
1595
1312
5663
4569
1428
5302
5859
6084
162
3106
3127
5049
3405
5538
466
3179
5269
6004
137
3158
866
4795
6345
2734
4752
3833
4523
1605
1963
4645
5904
5961
1127
913
2301
4658
4106
3273
3531
4390
4871
5403
1331
318
3202
1436
204
935
2089
900
6202
71
2325
2069
6085
4943
4600
6119
5374
2108
2914
3611
5045
3864
2963
1191
5478
2287
5017
2311
1603
3744
411
2854
837
1083
1653
980
5156
2629
320
3797
1959
4557
1473
1639
2735
4084
4488
2849
460
1631
5431
5264
4791
4326
5556
1652
3060
5658
6334
2680
4116
4967
6341
1182
1989
1208
641
6330
954
13
794
3096
4387
2555
6198
1232
6260
3786
1069
5691
2655
5069
5514
4013
4430
4033
4407
4910
6515
169
549
3783
1886
3072
3942
3673
2584
5232
5101
4305
3404
2165
933
2526
6405
2451
2155
5242
3508
5738
4888
4899
868
5701
4497
4185
895
1905
1771
578
878
5160
3705
650
6225
2120
16
1767
2731
6164
5202
723
6463
6207
212
4044
564
2180
2599
1779
4415
2449
6069
1808
2345
3044
4217
6200
3191
2907
1248
3939
1543
4928
6070
2143
6275
4290
3263
5890
3401
1238
326
3791
1017
6457
2129
4495
2965
5037
4762
2947
1013
3151
5384
4933
3827
1110
323
4442
5553
6356
1934
6514
3445
1071
2023
5874
2761
5828
542
3723
772
2987
29
4226
4008
1471
6389
1738
879
6165
1555
6197
3757
4847
1677
1906
4841
17
5332
766
693
694
6400
3689
925
3076
2632
3144
5238
2976
2894
725
2406
5259
1338
4257
378
4191
595
1957
3075
1532
2513
315
3180
2716
5695
1453
6583
4041
1781
4347
2820
4872
5314
1235
3170
3671
3532
1045
6256
690
874
303
5716
4417
5136
292
3475
3268
2510
1720
5429
4186
4421
1439
1974
1844
1246
6267
6640
6615
2996
4512
5844
2014
1982
420
4054
6034
948
5931
5070
4489
5982
2937
6642
510
2313
5926
2099
2065
3246
2437
2686
3455
5905
1267
2327
6450
2970
1542
6132
6378
5525
1626
5650
5508
792
6043
4223
662
3028
2633
3855
774
4172
4540
5042
5989
5416
156
415
2825
5869
6425
1965
2121
370
2552
4322
2679
1055
36
3362
2591
4641
2834
3965
3297
3294
3228
1852
1743
3199
1576
3108
3167
4411
4383
2139
2512
664
5139
3839
3824
1882
5005
2000
5562
6517
4567
2924
2837
5761
4069
229
614
5698
4331
3031
1116
2174
4440
2441
120
5760
5635
3952
5224
6601
4801
1751
2308
6297
2583
6317
108
3932
698
1346
4462
5342
2446
4642
3981
62
4897
4660
5648
361
5124
5623
3957
2453
5812
2770
2676
1263
6205
6575
1834
785
4067
482
4739
5619
5690
341
5027
2736
5489
3356
3270
6278
3360
4745
3078
2480
530
5953
5883
2884
2954
4609
787
3905
6410
6250
3976
409
5779
1147
5390
658
3259
171
3098
2794
2666
347
1318
2586
4946
4914
6029
4550
5505
2604
5786
3526
5880
6411
2235
1915
3464
1793
5106
336
3266
1156
5915
990
4238
2031
1011
4880
4814
1517
5924
182
2138
6326
6176
6343
6360
2693
469
4451
786
263
373
32
2782
2151
834
107
4666
1353
3287
5050
875
1470
2092
4318
4554
2246
265
699
4585
3754
2615
3857
5585
1875
924
4987
1495
5863
5407
3680
4515
2828
3257
1942
5621
3239
483
5665
1371
6129
3053
5655
2421
1357
3492
42
2902
1701
6503
3481
6540
6536
4514
5714
3889
436
976
2538
304
3408
3411
3035
4154
2833
4193
4640
4435
4768
362
5307
4693
4526
1153
2808
3472
1832
3985
5386
5112
4035
5799
1747
2753
6302
5364
1890
1964
396
5955
3743
2276
1606
407
3289
1475
5550
2095
2243
2595
5227
3322
838
5958
3355
2569
6273
5360
270
1947
6639
4310
6008
5488
1877
2773
665
5028
6610
841
1660
1010
565
3061
1582
2855
5873
5866
2554
2971
6057
3449
2043
6528
2704
2283
2814
6481
1426
552
2320
2494
5402
4770
2448
1095
4437
1363
3842
5592
2688
5236
6101
2217
4486
1810
3923
1778
5401
1072
3488
5438
3238
5144
5458
2550
3236
953
5317
2921
2886
1553
2877
1829
393
649
3337
609
6473
5201
559
5589
70
1638
1950
3406
3731
4619
3203
5851
5669
2206
1469
1397
49
3779
4057
1418
6308
2427
5145
202
2347
998
6532
4321
5225
2859
3881
1106
4359
5903
444
2646
2362
850
2545
5105
3382
3450
6137
222
12
1499
2328
2258
5125
4023
5762
4014
5171
2542
1640
4915
5340
462
233
2862
4323
6500
1417
2420
2810
755
733
3223
3467
1830
1519
4418
1736
842
6303
576
3674
4285
1876
3886
5493
2980
1757
1090
1678
5667
1166
5036
3978
5235
2378
5702
1496
5705
974
5847
2020
6493
592
871
6227
6543
1681
5793
1359
3302
1386
2163
2083
3159
5867
3363
6215
2784
208
284
6461
2642
3644
2928
2194
4537
6569
3692
6196
4981
4426
4195
404
4459
2291
5294
6562
3291
2063
121
3595
4864
2117
3585
1600
3107
508
1614
5692
2221
2082
6489
5454
1533
1628
4963
997
5682
4918
883
6212
5320
4241
6204
1813
571
4168
5183
4681
298
4256
2422
5379
3970
3135
5348
615
2796
433
6440
5865
4357
4063
3645
2387
4648
5651
4376
4483
4862
2224
1341
2288
448
1909
4105
6218
2377
1783
2530
422
2989
1133
6175
4098
3221
1995
68
4522
6157
4988
3928
6530
932
2359
1335
622
2012
3150
6619
1432
6368
480
5968
529
3862
148
1843
6396
537
3894
5274
5990
4291
6046
3856
4608
2975
1581
5530
2648
65
1387
5599
24
4997
2667
2233
3709
1853
6534
6144
1814
2051
620
3414
3733
5719
3143
5822
1028
5271
1151
1880
1278
5130
2428
5347
1972
3910
5385
881
4479
1091
4469
4429
4095
5095
1241
3999
4150
4644
1837
3169
3665
3935
1421
6391
931
1825
1329
6328
2561
2791
4219
1873
1846
5196
679
2739
1758
2170
5817
350
1441
4125
1368
4682
1319
945
134
3630
1804
3153
3520
3776
4049
6148
4167
3983
3482
3110
6304
4737
2234
4230
4143
6258
2473
4920
1085
5630
4695
273
804
2899
5598
4590
6479
6291
6126
4857
1895
1074
1015
2200
1294
1910
2364
2041
6539
4482
2285
3204
1464
4974
1244
4372
1146
5612
1412
3063
4308
5206
4277
3953
1172
3884
1871
2831
3572
6393
5544
4667
6015
5563
375
1395
215
3041
5455
5917
2178
5943
4505
1598
5536
4639
6230
5278
2499
2768
5490
4284
4375
2600
100
3310
4314
6285
970
2627
451
6376
2282
4404
3511
2365
968
3964
1907
4470
5797
1304
4708
476
4940
2103
5755
1049
4542
348
4025
4099
5298
1994
4475
3740
1973
2462
5811
4026
6451
452
2401
4859
4102
1879
597
3666
5077
1759
702
4709
2806
4365
2640
191
6018
1765
6242
4725
3871
1962
4316
2958
256
519
4131
1619
1885
3165
2144
6387
328
4900
1320
3112
3397
3249
5791
1036
1216
4133
3658
2439
1842
1131
4680
2889
4582
4796
4957
4444
6566
1059
445
3654
3303
4311
2839
4001
1003
4820
5048
6179
5933
4151
4706
6288
2218
3926
2563
2749
5405
6555
5080
1327
4496
1234
4508
3399
6383
1301
2039
3054
814
3664
3568
221
745
3725
187
2005
161
2275
5098
534
1057
6496
4906
3229
1676
339
5576
5060
982
195
6558
1044
6064
5587
1114
6172
1206
2723
5789
2186
3013
2992
3278
1715
6056
3861
1916
653
6609
926
4948
5461
923
4384
3875
618
5605
2549
2575
5571
1948
4271
3114
4773
4793
3996
2004
2010
567
2111
2961
4055
1491
4917
652
2890
6629
3069
6188
2795
5001
3039
5611
1509
4661
2356
1195
6031
743
5330
636
2175
6003
5255
5182
3182
34
1157
5100
3386
5996
330
859
898
4065
6430
4536
4082
1478
3145
550
2064
5649
896
3758
1586
3986
383
1685
536
5636
6219
6388
2691
5304
253
3275
5753
2872
1339
3868
3139
3157
2386
5809
6546
763
2495
2518
6231
1838
1391
4317
6424
4381
4834
3261
6401
6460
2192
1230
704
1699
1310
712
897
231
1708
775
2162
761
2701
3597
327
1265
5485
5795
6571
1990
4687
6113
988
5243
2455
2438
4490
1082
1169
2580
4959
2774
3917
6206
3206
6337
5199
5486
4976
4190
6323
2267
6118
234
6544
5672
3556
2213
2007
3678
4707
5143
1604
6021
4039
6444
5382
4471
3940
2861
730
5419
4144
4027
6474
2146
3550
3766
87
4448
268
2399
3801
6322
4941
3373
3233
5305
5545
2892
1178
1726
4802
4733
2670
1956
144
2660
3893
5656
4589
5642
1408
1120
3120
4053
1270
5881
6156
50
6573
4713
6384
3258
2172
2715
2330
1347
6553
30
103
1362
2703
463
5065
2360
2322
778
243
2247
2457
3988
2719
6232
5974
2838
4403
3478
6134
2268
4562
967
5457
3207
999
6572
4388
3186
4210
5518
6649
2525
1558
3147
4990
3347
3384
3279
3822
4798
83
3155
238
5854
2672
6141
1051
3525
5110
3850
196
1729
3089
2721
1928
3149
6482
6561
3825
4750
3517
5910
1163
4002
4121
1888
2656
1850
5073
718
2485
2661
3707
2769
872
5617
2430
1271
4603
6568
5532
5559
3403
427
3919
1988
6166
4215
862
3442
1634
6551
3812
3778
852
2426
6361
2851
2905
5257
4604
5088
666
4005
3603
2127
5395
4022
1986
5620
5163
2289
1531
6632
731
5186
1077
4276
4911
1560
1367
5093
2278
440
4192
6228
5687
1548
2379
5668
6644
905
4091
3911
4213
5836
5057
1889
949
568
4152
295
4789
5336
6040
3466
5103
1955
4923
768
2840
5517
3642
4999
2556
2481
2949
4011
1792
6167
2410
4075
3685
6039
4873
4148
6557
2717
5676
4302
5016
539
2257
5173
4400
6346
6024
6199
3354
128
1259
2294
123
5906
5595
4267
4574
2024
5272
588
4329
817
3675
1096
5666
5091
587
682
454
5011
2588
5800
5979
920
977
1039
646
6065
2435
1143
488
5434
2706
199
1524
1847
3555
602
2746
6382
6476
2678
2419
6335
5524
5912
2641
3138
2581
2159
2865
2878
6408
4474
5396
1489
3331
368
4206
3513
6318
2846
91
4287
3619
1228
5301
805
6075
5876
1111
4149
1951
1476
921
5546
1635
6459
4463
3043
331
3005
2775
5039
2167
1382
6325
130
5194
4237
3977
3070
4432
4224
2219
3512
4844
5739
6599
2972
1944
6294
5551
5984
5246
3459
1848
5725
3721
6279
4783
3097
3621
2939
3790
5886
6010
3878
6190
3046
2296
760
2176
2341
4476
2507
4275
426
4743
145
1201
936
1406
5218
6507
790
6505
2357
983
3058
5560
1937
3565
3907
515
2415
119
5734
3470
5029
5977
2671
2933
4767
765
6465
282
6120
3845
5981
2564
4759
2876
3574
3264
3753
1811
5296
1190
1200
720
4466
3201
2560
1607
4094
1054
2404
416
6520
4029
2009
3789
6210
600
3454
2475
3831
6077
4423
4493
1904
2058
5352
236
4409
5266
6193
3175
3810
503
3961
5778
1198
2141
2673
3605
1261
1575
3577
6221
4746
4181
3443
5818
3137
2205
1479
3050
4507
450
4278
4379
2527
1255
6094
2137
3015
3059
372
3669
5975
4350
4330
2685
3663
5365
6090
3930
1864
2630
5983
5539
6038
4135
342
1912
3371
4995
1624
2396
6060
413
3545
5652
490
1031
3086
6088
3253
3989
277
3808
296
437
6306
2102
2644
659
3247
314
4307
1399
2531
5558
495
3288
5590
691
3706
4565
179
5409
1791
4738
6000
3196
603
1855
1902
3575
5244
4991
1506
6367
3316
3392
4972
4244
6223
2677
5994
381
1336
3870
1374
6048
1718
4156
132
4077
283
6419
3200
3163
643
6643
1703
1596
6066
2653
4134
4118
3099
4371
306
3624
2417
1158
4742
3573
6653
6111
4374
5197
2959
5231
908
4295
6594
474
1385
5950
1141
5747
2408
684
2576
962
1550
5581
6186
6135
2148
1770
258
6580
6468
3012
2522
899
2403
371
5680
114
3504
4996
2869
3091
3019
2312
2366
3994
142
677
3090
523
4969
5613
5377
4964
3301
2866
2755
2870
5420
239
4071
1185
4905
813
4800
6063
5253
4485
3792
31
2445
5328
57
625
6409
1425
5567
5378
4338
2489
5899
4931
1376
6067
916
1043
3119
2779
6074
4792
3433
1922
224
3711
1693
3814
434
3554
5907
1981
6002
4877
1530
3739
6443
3102
5696
1621
2383
5959
4211
2073
5117
3634
6501
5479
928
6293
4545
2534
5033
2738
4155
1874
1389
3184
498
996
1692
2835
2122
4936
2114
6011
2237
5058
2189
1392
1497
4032
3938
2827
1047
5408
6027
5554
1317
1264
297
5099
40
6357
1732
5606
1486
1249
3496
889
6192
5170
5837
2124
352
5992
2546
6191
1668
2265
3029
752
386
2565
1682
4553
3714
3803
1273
5162
5528
6105
2361
5113
4772
384
1816
6620
1187
6483
4630
749
4164
973
5898
5254
2079
104
634
1755
3115
6319
3544
6017
4179
5913
6525
421
4563
2088
3507
5331
6469
4790
2744
6169
1026
2229
4127
2813
2585
3960
2990
3476
1820
1243
5371
168
4261
2593
1551
288
5678
855
5463
5802
1883
2801
2931
5392
5092
1511
5846
863
2056
840
5394
4040
5309
127
5930
5287
291
1913
289
1416
3439
2572
4718
4420
4162
1642
1305
4934
165
758
206
4922
6248
2195
4564
873
6472
338
1649
6142
5956
2042
2384
4787
2913
2040
2484
417
5051
2871
3553
3618
1707
594
37
5178
6047
1941
4355
5737
4433
2376
4657
560
3632
1129
6567
5781
6153
2239
5096
5343
4845
6484
5447
3460
764
3318
1316
6049
6524
5437
5744
1818
3901
2515
4597
489
2675
3535
5952
2764
2747
1807
1740
374
3213
2998
2789
3972
1790
5012
1291
4861
2917
5609
3604
2824
867
4382
2945
2533
4705
3418
1299
5241
2722
797
2223
461
4624
5833
2198
1171
5892
6295
1774
1756
957
3915
2953
5362
5594
4711
801
4283
4621
6255
1998
1567
2488
3024
1828
5372
2926
4715
1679
5875
5167
4692
1450
3668
3160
2910
2598
3890
5221
6587
1105
1256
4481
3480
532
2074
4175
2856
6538
78
2547
1728
3364
1430
601
1419
4860
2903
2514
4794
1258
2059
307
2860
4985
3947
4132
41
2498
2645
1805
6491
575
2055
2745
3210
2657
4273
3277
843
1121
2815
3088
5641
472
623
5643
4777
1583
3188
321
6189
6243
3136
4141
4817
2850
4728
939
6327
3309
4675
2277
1307
6510
1204
1094
1725
2669
5030
432
6076
1107
2737
1867
2885
2967
2266
1690
2578
3226
911
1953
5083
299
844
5561
278
1052
3601
2536
4124
2132
5322
2577
2682
72
80
963
4147
2398
6399
648
607
3639
335
8
5086
6262
2863
1827
5023
1420
2635
3807
3218
4826
5513
4086
4727
5674
3691
6577
2119
4137
2133
828
5189
1750
3140
2307
3719
3375
6596
2002
4477
4498
4394
230
1240
3756
3591
1098
2191
2444
5798
965
6290
5995
604
1911
4274
966
241
280
4198
2935
6394
1613
3931
3432
4368
1702
3637
570
5319
2974
574
5121
4694
3704
5985
4460
1993
2227
1180
1154
3921
5059
1225
3995
6235
1599
1549
3943
6390
5422
2226
5521
3300
5072
5993
5149
4874
5492
2802
4596
3687
2182
3011
1821
74
1588
4492
53
5262
4425
4513
3104
2248
2758
1126
4803
5509
2517
6136
545
6247
2901
1214
3340
3156
2857
1561
4473
5849
5141
135
1472
3805
2919
1348
2502
1290
271
2273
1612
3030
2389
5921
3385
1424
6071
1536
351
1901
4879
5293
4652
5327
1920
5548
4092
6104
835
4925
5383
1245
131
6045
406
4663
380
1006
5978
141
4578
4729
3656
2016
3830
769
6548
1360
111
4366
979
5723
197
245
4552
5568
919
1733
226
5240
3764
3176
1454
4721
4756
5965
3782
6329
248
1713
6509
2297
5515
4062
942
3148
4691
2202
2315
4320
3951
2474
4042
822
5603
193
4876
4385
5151
2231
2130
793
3057
3490
2930
6006
1769
1297
505
5634
5000
394
6336
3796
3891
791
6541
3769
3727
1694
6108
4610
3992
3051
6616
2184
5743
6455
60
4389
1372
269
2432
3351
2596
346
19
4598
2436
5268
5074
6030
502
3187
5353
2022
6149
2150
329
6354
5765
5653
235
2355
2160
4294
1514
1377
3349
2544
1669
5757
3244
2342
1824
3899
3131
412
3913
5498
3109
3903
5685
5718
2025
6471
5270
2934
2491
257
1358
2946
5249
5501
1646
4731
1697
3067
4047
533
1773
4951
1239
6527
3113
3589
4214
1104
1557
5864
6630
3522
5119
2158
23
1466
3925
5675
732
5157
2019
2541
6563
2783
2434
4097
746
3438
2956
5326
4166
5087
3436
2459
2211
3677
1354
1056
2045
4571
4588
4187
1654
514
4577
6454
946
4968
5519
6362
3025
1554
894
3272
2647
6636
473
2236
5742
2920
6239
912
2204
4165
1197
365
1308
6138
6429
5288
3528
6253
3918
3660
1501
4367
656
3616
356
2123
2054
2393
5297
5973
3252
3133
6079
3667
685
4126
5205
2689
4159
6109
6398
176
1403
554
5222
3334
4004
2964
5969
4748
1262
6296
4051
6385
5132
4811
2062
1272
2697
3912
1020
1784
2075
133
3541
1138
4158
4416
3458
563
209
3071
738
2597
4081
2181
5722
3741
2619
2281
2208
4240
6234
2326
2553
77
1075
4980
3653
3715
950
468
4977
3348
5715
6095
4101
3062
3636
2292
5629
5251
1012
512
5381
4138
4157
707
3527
2699
2368
1891
6072
1210
2418
1065
4591
3317
1504
780
5813
1510
6347
5972
1253
5986
6252
6115
3014
1080
2809
1236
6035
955
1250
5601
4070
4361
6478
4889
1537
6447
5731
5500
5577
3208
2506
1952
4114
6171
5575
2466
5351
4220
6277
2620
910
5654
941
1762
681
870
1775
3494
2470
1872
1102
4325
5784
5355
2893
1101
1252
4838
4616
5137
5261
617
5894
5345
345
2973
487
5767
2179
5094
2487
1863
453
3077
2713
4183
4909
4344
1505
1
1580
3152
1917
4348
6282
5806
2443
475
3882
4983
267
3068
5276
1969
5411
3352
5470
3590
3412
1068
5842
3313
6123
2394
1159
6508
3795
6547
2085
3874
3602
1442
3747
1819
914
5009
5684
3402
126
2263
4885
700
4684
6352
5832
4912
3380
228
3509
6526
3314
279
4327
598
1570
5895
6392
447
4878
5200
6603
1480
6106
1592
5499
4332
3383
4253
2339
1109
1108
3843
3945
82
1609
4850
5949
1754
4222
886
3235
192
6236
5265
4870
642
3379
4500
5203
2727
3326
2492
92
2032
22
3538
4806
5807
6089
5870
4455
79
3615
4615
457
2614
2539
4741
5217
1977
5228
1878
1213
272
5190
4869
2817
6386
3154
4678
2728
1145
5435
1840
2425
4056
5279
157
5700
4998
1971
3395
1021
5850
4671
2714
6059
2842
3816
354
3132
5919
4532
5922
6266
6439
3141
5054
5721
6061
376
2548
4142
1219
3220
3670
4587
1033
4856
3794
4665
4533
2118
4829
2093
38
5215
4231
716
1007
3020
5393
824
2944
3164
6265
930
1212
1976
2264
3640
918
2340
4602
2433
2185
6522
391
4950
2730
5970
6340
1742
4960
3095
6415
2380
1932
3681
4580
1229
5547
48
5766
2187
3282
593
1160
207
2908
2033
116
3083
5661
5003
4852
1393
2969
1637
4413
6097
4655
2765
3690
4887
2349
4632
2777
5929
6431
2613
5487
5936
54
2482
4846
484
1744
5247
1659
4647
3177
3521
1785
1221
5044
6208
3183
5503
827
2780
4865
2070
3780
2687
4221
4038
4309
727
6178
5444
3483
1748
4824
4726
2643
717
6535
1866
5858
5471
5794
392
4945
6584
6140
5966
4109
5066
6154
6421
2293
20
1737
3486
5628
4764
4050
5610
633
1884
4083
5569
5843
6276
4422
2637
3561
3387
3933
6414
3929
5446
6241
5284
4633
6298
959
6211
2594
6091
1370
2923
4266
737
3773
5997
4599
6404
1503
266
18
6224
317
164
158
2115
58
3607
285
5131
5801
1457
6036
2318
4636
5533
821
2936
3641
5047
4401
1712
2469
6331
2922
3683
715
2848
2057
2616
4584
5459
5763
3330
6427
5440
2819
2968
1508
5824
1589
3388
4774
3080
3087
4908
1061
287
3073
1861
4112
491
4465
5893
1966
5127
6416
1286
1714
5853
610
1578
5776
4510
964
3735
5329
1155
3267
906
3451
2461
3626
3800
4551
806
6249
5574
3468
3231
4003
3410
5043
845
1970
4659
4583
2621
1448
516
692
1763
405
1967
3285
198
5177
4635
1940
6395
3321
443
3536
6333
5671
2460
6651
5213
5769
1625
4170
4673
3345
2607
5756
1768
6379
4840
4504
442
2881
909
1683
2371
5116
4503
6261
2692
6519
1231
4235
6355
5746
3189
4225
5638
1494
5090
2759
696
3980
4837
3860
4886
846
5712
3215
1903
3998
294
6033
2803
1892
98
4487
5497
319
1097
2788
2981
5751
425
3578
2927
4620
4107
5494
4339
5534
2006
2203
1764
753
147
2836
2792
2649
621
2424
4419
3047
5398
958
4255
4269
2423
2136
6116
3366
854
2982
683
5717
3635
149
1220
1226
5108
5932
3416
3198
5495
540
5370
1093
2904
2551
3324
467
5484
1462
5946
2260
3498
770
5579
5694
1222
969
2255
1789
1340
5987
10
1869
4891
1081
1373
809
1611
4866
4122
4227
5750
773
3738
3222
583
2106
3166
5522
2997
6370
6436
6449
629
1423
5219
4754
1520
4386
893
2154
4402
820
2454
555
5764
3516
4369
3027
2979
2381
431
4061
1483
4364
891
5971
6456
3859
836
5916
5426
4916
6371
67
3168
4702
5827
1822
3726
2811
4529
2883
6585
3506
1378
2589
5600
5211
3775
2612
3997
3633
2781
1507
194
2785
833
2096
3548
2157
2906
4189
5902
2955
5707
3623
6125
4821
1780
6554
189
2683
3609
548
3849
5942
6552
5803
4234
2696
4982
5637
385
163
3369
424
3852
1117
4408
2478
6180
2582
511
4649
177
1691
1898
5300
1112
3896
1946
2414
5535
2994
4760
569
612
5549
4446
5460
3748
4757
668
2090
2951
2402
1488
6201
99
1409
6506
1487
3821
3537
3851
61
2038
4628
477
5159
3863
4478
6537
2142
1980
1833
3491
3898
3101
4180
3049
1493
3838
670
2874
1029
5572
3358
5920
5176
2925
3712
3596
4249
3703
661
1700
1176
3033
2027
6315
382
4698
3826
6173
1161
4173
4937
4328
3212
818
3419
4973
3546
366
5740
6130
2068
3950
3523
3116
2799
6617
506
2751
3622
5839
3752
218
807
3181
713
4753
3895
4622
2812
4200
2950
4436
759
5004
522
1174
3600
2238
26
3462
6480
213
3885
88
86
2152
1857
6559
6316
2272
1730
3274
3248
5555
4441
2521
5450
5520
3250
3736
439
1627
1067
5900
6264
5306
929
2173
2710
526
2388
5957
1459
3079
180
729
2724
1772
1894
1217
3661
513
5018
5557
3582
4349
3963
3463
3342
5133
2503
6052
3836
1984
613
2760
3038
631
1688
492
3146
5597
136
3493
3771
538
6438
2008
2504
6005
2636
4634
313
1175
1048
6287
5161
711
3240
507
3904
2190
5960
800
2743
6092
4907
5358
6518
3128
227
1468
4188
3032
3815
4893
4932
5323
4203
2034
676
3713
4723
5939
6412
1711
3298
1573
4919
6012
2873
5583
3424
2107
5775
6128
4263
3129
2351
5441
3448
3064
4129
5815
1727
6324
5608
1135
3966
4088
5481
52
300
5299
651
2519
3305
3564
4499
1918
2733
3307
5748
478
3271
5542
2844
2061
4000
200
1306
1332
1309
4986
2705
5007
6490
3519
2847
2049
6504
5021
5226
5951
6442
4252
5964
1398
1394
5473
246
3339
4703
1644
6420
1745
3975
2821
2911
4903
2529
557
3844
3105
5967
4849
951
1361
4233
1615
6158
1396
2261
2153
275
779
2405
1674
734
4808
1321
1752
2995
3185
2793
3065
5826
756
5
4452
5465
5356
5808
2790
2690
3772
1796
5281
673
2650
4352
6050
5097
1482
2468
3984
5872
4456
3973
3007
6626
3599
4174
3991
3499
4984
5512
3242
1461
398
4784
3613
2681
831
5927
2477
4949
5526
4765
3018
3311
4236
4450
6612
1199
64
4674
6602
5082
706
750
6407
3082
1254
3716
1465
2708
2496
4242
3962
59
1563
4509
5624
3269
499
5062
6183
611
1798
3761
6019
152
4965
876
2985
428
4336
3647
4248
1315
5823
4178
2429
2465
1870
3193
5736
3588
118
6284
344
2573
4953
109
1741
101
3045
1202
735
5333
4196
1900
2638
6611
4672
446
5313
3325
4073
710
5783
3312
885
5825
5002
2228
1281
1073
927
1444
5071
6041
4975
183
3441
3456
3958
6257
783
5830
4030
1500
5433
438
4530
2464
262
1836
3365
2508
2948
2537
5502
892
3409
3785
1124
3540
1991
4205
3934
418
4581
5380
3292
2915
1203
3381
5730
1657
5835
3695
4010
4517
2348
2113
3117
56
884
5267
748
5923
1662
1921
249
4201
5491
558
5861
5570
2659
2909
2329
1608
2003
5193
2786
3937
3251
6437
3533
2201
5425
5639
3422
3420
1193
1099
3906
2242
3074
400
1643
5427
1936
1303
2843
2344
5175
582
3646
1930
2867
2957
2098
4572
2314
4833
5664
6051
1211
4962
355
4
907
2026
4480
1651
3949
4637
4171
6131
5735
5935
4595
6062
3293
201
6631
6499
1648
2826
349
3023
4978
5154
5150
4268
2177
3686
556
63
2852
3225
1650
1292
5128
324
5897
1687
4810
4650
5834
5014
81
2431
4670
4239
5315
4781
1856
1841
1618
1786
645
4251
6533
6237
4280
5204
3009
2080
3000
776
521
2220
6350
5679
481
4779
1451
975
2868
1277
274
689
2807
2035
2695
1009
138
5771
1717
4573
5891
1144
5788
1279
5888
325
2395
635
6139
4611
2882
2207
5142
1723
3134
2112
3909
3194
4546
1579
917
3701
4828
771
4006
2104
1128
3425
4247
5565
6581
225
1983
2310
1968
4335
6625
6100
6226
5316
1118
5885
5436
3610
4333
5670
4270
2370
5064
637
4199
3281
4775
4892
2169
5937
4593
5496
1328
1280
5591
1979
2900
2363
1455
5848
527
856
353
1042
6485
5010
159
1523
3924
1860
3
3897
4298
5260
2845
2335
5312
6080
4518
4074
6622
4414
3657
260
3111
4559
181
4360
1446
2718
2373
4549
6458
624
815
2762
2832
2216
4232
496
3955
242
1859
599
4629
6635
3920
1564
3052
544
6053
3552
6068
76
2066
4324
1782
1004
5129
671
3329
5280
5428
1656
4454
2864
4501
3720
5368
3612
6332
1590
5295
1058
4714
4896
3858
1938
5882
2037
1405
934
2336
4337
5397
309
6486
584
6269
3941
3440
1119
3118
3016
1935
4021
703
3514
5726
6213
5354
2072
3254
4306
5024
1355
3332
3819
6516
1380
6470
4535
4399
1364
178
1831
5164
1333
857
4843
2254
1062
2317
638
4447
6305
6184
1284
5462
4012
3580
3567
3877
3968
170
1565
5138
3872
5373
3956
2978
2168
5283
4710
2050
4804
3818
2199
1325
5008
4139
802
4689
1384
69
4212
1636
5389
155
3370
6403
5633
5239
465
1050
744
1113
4354
3361
423
4668
3865
5540
1541
5472
6309
3648
579
3093
5387
2471
293
494
2528
2369
4822
5657
5618
3391
4009
1666
3255
3679
1356
3927
2193
3534
2011
1287
3651
106
252
1060
2559
3431
2252
6365
4301
2321
470
4260
5229
1949
5552
4734
6624
5341
887
4160
6028
3900
1572
3676
3394
4788
75
2086
667
33
4341
6531
993
3283
4292
363
455
6477
6613
2880
5277
1544
2558
1927
1835
340
4539
4016
1024
5448
4851
2052
6114
2543
4855
2262
4769
2145
3823
6086
6254
4643
2324
853
6216
2147
5399
1274
5273
2587
3662
2752
3378
410
3682
589
2015
4184
6556
1435
1502
3643
547
2232
322
302
6274
4895
6426
3652
3260
2374
1933
3357
4153
5531
3010
6168
3560
1706
880
1492
2105
3777
5308
6591
3245
3586
4059
3296
4740
1689
4019
6127
1215
6082
2608
2887
6251
5111
1295
5706
2590
175
3487
2896
5468
4370
4103
915
1539
3993
6289
4072
5537
1164
2763
6022
3820
4697
4424
1893
972
6055
4363
5482
2725
5442
310
5631
2251
2829
3809
3489
1337
3848
6263
3290
3549
5466
4835
6177
2094
4395
3284
2013
5109
3335
2993
124
2299
203
3649
3121
2472
6163
3650
3192
458
5749
5541
1954
1896
2709
3734
3122
3353
3724
5646
4018
2732
6054
2128
4113
675
4089
947
3327
6245
1566
591
6495
2333
6576
5944
2823
5733
3103
85
4561
639
5076
2984
5614
6014
2091
3867
5410
6586
2077
3241
1100
1076
1623
4605
6462
961
2409
2841
728
1593
3413
172
5728
686
5884
1260
2523
2323
4117
2766
6466
2818
1753
1777
3338
4228
4858
3829
2269
6246
1490
3571
3728
1139
5697
369
4090
4805
3793
4169
5660
1858
697
1162
1881
585
5198
3209
357
6244
796
1324
1574
5774
2797
4579
1664
6007
5210
2500
1526
3708
3265
2694
1205
35
4288
2222
3763
6110
276
3717
3974
5148
2372
11
4119
3892
3217
4028
2304
2940
1569
4177
367
2879
3130
4145
5810
6592
1194
1087
6099
751
1027
2574
678
3094
5829
3697
981
1223
4970
721
3230
387
1298
2568
66
2942
4502
663
3162
3887
2634
1460
6026
5741
2603
1251
4048
3837
4449
4015
6433
3593
1647
6608
333
6397
4445
5134
5451
1665
2076
4527
1601
5346
3688
1103
4250
5453
4494
2084
2702
343
1670
5688
4954
214
4484
1345
6588
1559
5256
616
4868
5367
4556
4524
6145
4830
115
5796
832
5337
4128
6313
399
1540
740
6307
4780
6009
4651
5245
4064
3594
4927
1696
419
5510
4434
2078
4313
1463
4342
1008
3730
4944
6286
3969
1383
3620
2303
4626
4724
1326
5321
3042
2605
2662
5085
1349
1311
4036
1675
232
5632
5980
6181
3026
210
3055
1242
1597
1535
1183
6339
3781
1456
3320
839
3503
1806
4576
1136
2156
6545
2938
2280
5962
2858
3421
1845
6217
2353
5449
6512
3718
2606
3628
3598
5713
1721
1334
695
5357
4566
500
3427
150
1431
1587
5616
332
2183
3576
6606
3323
5819
3125
5940
3474
2036
3308
259
1620
2658
6338
3617
5464
2540
2467
5418
1088
1314
4534
811
940
1610
6268
1189
5067
5816
4377
3172
3002
3435
3518
1663
2209
626
5476
1997
4848
6549
2212
5948
3066
2274
3799
6634
3350
1899
1709
5424
2149
173
5831
2853
5026
4956
3967
5310
5359
6364
4812
6593
46
1414
5999
2684
4060
174
5234
2750
1749
1515
1079
6087
4625
3866
3100
1410
449
501
5375
3530
6375
573
4570
1429
3749
2787
6016
5046
2300
5475
6452
6578
2305
5439
1181
5140
2800
2663
1257
2087
798
2375
1192
5820
3847
4052
829
4942
3853
5868
5626
1630
5421
4601
485
5856
3161
4045
2284
1018
4913
2983
2557
903
2524
4343
5877
5677
6475
4519
5290
3608
2017
6600
5006
4898
6628
2270
4472
4904
3813
2651
4720
812
3883
4378
860
1134
4992
3579
5790
1184
1513
4881
6380
1552
5104
4393
1152
1943
5862
561
4392
1427
6281
471
1449
5792
6402
2741
456
2253
6521
5078
654
1186
1293
3262
1897
6299
1788
3396
978
6511
777
5529
5052
5954
5523
5659
1787
5804
5146
4971
4293
5040
1556
5376
6648
2631
1404
3959
3762
388
2230
992
2654
112
2225
4921
4606
2986
3367
5423
3389
5596
5404
6229
6413
3806
4007
4568
5168
2338
6641
5787
1422
28
2988
4797
216
4340
4391
4461
5208
1140
6570
901
2048
1477
6597
1925
6133
5709
1115
6441
5089
6096
402
1407
1722
6270
6590
3479
4296
3092
4398
4747
5122
799
5622
140
305
747
4631
2756
2898
4194
1585
358
2029
4439
672
5729
2771
4068
6160
1433
4410
1577
1381
2897
1035
3694
3021
5871
3234
553
6344
4528
3471
4548
3001
4163
4875
3746
1276
4669
5126
3869
6203
5604
3562
3902
5079
4538
3219
5879
1797
5031
5860
5615
3543
39
6107
605
1512
4262
562
4093
825
2520
5035
1344
5838
4730
1849
5814
3484
6487
3006
4406
808
110
3854
608
4653
1686
244
47
5963
5925
6058
4613
2316
146
89
6348
6623
3551
606
4627
3211
5084
2286
2306
2698
93
4096
3700
2966
742
6574
1939
888
4836
2331
5573
1122
1038
3745
5752
5998
6271
2197
2486
5724
337
3444
5285
4755
3017
1571
3693
5013
2060
757
1001
1063
379
630
943
4594
3841
4108
1130
2726
2611
1527
5845
4315
1999
4202
403
3505
2511
4176
1975
4525
3750
73
4560
3614
4246
1562
1288
2960
1481
3003
3558
2397
1022
6406
3173
3659
4679
6621
4229
816
6283
4902
4735
1854
223
5414
5681
5780
5174
2891
6042
3672
6349
1030
1086
4297
2001
1602
3774
5344
6037
3880
1522
3205
2509
1817
3539
6650
1447
5901
5504
6301
5852
3336
6445
4299
1227
6044
377
1673
1467
1658
3415
5511
6351
2816
6098
1275
6372
3798
3368
1123
1366
4736
3500
6605
3699
55
3407
714
6214
414
2479
724
