0
1
4
5
9
12
19
20
23
16
24
21
0
11
1
22
33
0
34
20
35
13
25
41
17
16
22
0
16
27
41
7
23
38
16
28
12
39
6
5
47
34
47
36
46
20
9
34
21
2
42
12
17
14
9
6
34
13
46
28
40
27
6
44
11
23
14
39
14
3
29
29
40
45
28
38
43
47
22
2
25
10
24
8
13
46
30
41
19
8
42
40
21
25
8
46
33
19
39
47
49
28
26
7
38
20
11
35
33
19
20
5
19
9
3
9
10
39
5
37
48
42
32
43
26
13
21
34
4
26
31
25
46
23
0
24
25
4
3
5
8
17
31
15
37
33
23
7
40
46
44
30
32
48
37
49
7
33
18
49
33
21
3
47
19
37
47
49
47
5
4
35
46
45
39
0
30
7
13
18
26
8
18
10
19
40
15
9
27
45
32
11
1
27
9
47
46
8
15
10
30
33
38
35
6
29
40
39
30
2
1
46
47
40
7
2
32
0
21
32
9
4
24
5
45
9
35
41
39
10
48
28
13
7
43
13
3
24
28
39
18
30
2
16
16
9
1
46
11
19
5
6
20
45
42
4
47
41
33
6
41
16
21
34
9
32
25
46
32
10
22
46
10
1
6
21
39
41
7
1
36
24
14
45
8
14
2
26
24
18
14
9
43
11
13
33
16
13
46
6
24
20
8
26
28
47
7
15
10
42
26
15
10
23
31
42
9
47
35
1
25
41
49
36
44
32
37
19
45
31
7
16
45
49
12
16
9
44
17
41
20
42
48
13
25
12
15
22
49
30
9
10
48
40
37
37
20
48
46
14
7
40
41
31
27
34
20
7
4
43
24
45
34
21
13
17
33
15
3
39
27
28
30
12
29
23
29
14
28
7
44
49
3
35
33
41
49
30
31
29
2
38
15
37
7
16
47
35
18
48
27
5
42
17
22
11
9
8
49
29
33
3
38
0
14
13
15
17
8
33
27
48
35
10
18
12
12
28
3
47
11
19
2
29
39
32
22
32
29
40
33
19
47
26
18
39
29
48
47
20
44
38
35
22
21
4
23
4
34
22
18
8
29
36
40
27
23
2
18
4
14
35
49
26
29
13
6
48
22
48
16
17
2
22
22
18
48
43
36
16
45
14
31
49
5
40
39
16
43
41
2
35
43
13
29
2
49
34
17
37
30
22
13
48
36
45
21
20
28
2
42
34
15
12
44
44
10
27
30
32
16
8
22
43
23
25
16
3
12
1
8
39
27
5
40
26
10
4
45
42
31
2
21
8
30
3
19
17
13
5
49
23
40
12
27
48
47
25
10
35
32
45
45
14
7
38
11
30
41
11
27
32
21
19
0
19
38
33
5
9
20
31
20
21
29
10
0
35
26
9
15
14
31
28
8
21
24
6
41
35
14
18
15
42
43
12
9
18
0
28
41
40
12
26
4
36
30
35
5
22
28
17
31
6
40
6
33
27
1
21
0
12
8
33
7
19
48
16
44
16
41
46
44
30
0
35
41
47
10
44
38
10
36
49
22
7
26
47
23
2
5
27
34
18
38
31
5
19
17
48
8
27
30
49
38
38
45
37
49
28
7
40
39
1
39
17
27
42
11
48
23
30
49
36
21
23
5
15
1
6
49
20
43
45
24
40
13
39
19
48
11
29
8
25
37
29
19
19
12
44
46
25
16
27
26
0
45
12
36
6
38
39
39
43
40
16
36
25
41
34
11
19
34
1
31
10
3
18
42
0
29
15
11
45
44
29
28
48
7
47
0
30
7
36
20
3
34
3
42
37
10
11
44
14
8
21
7
45
1
47
25
41
18
42
13
2
33
1
22
42
49
39
22
48
44
17
23
42
42
11
10
35
12
38
42
12
46
16
23
11
44
46
47
37
33
12
45
30
26
42
33
3
35
42
46
35
22
32
12
1
38
32
40
10
0
44
4
19
28
5
38
29
5
25
32
10
26
43
11
37
10
15
38
34
4
24
46
17
33
43
8
25
1
20
14
41
44
17
27
36
43
43
20
15
36
27
9
24
26
24
36
34
3
36
32
6
13
12
15
17
19
13
8
49
40
7
43
43
41
40
8
8
22
29
38
24
20
28
38
29
35
35
3
23
23
28
12
15
15
15
34
21
1
18
35
6
16
34
1
15
36
32
26
28
24
32
20
44
29
14
28
24
12
46
47
10
25
30
4
9
46
19
18
4
11
26
0
4
33
39
40
11
24
4
17
5
5
6
1
26
37
42
34
13
31
44
36
1
28
7
42
2
16
33
13
40
37
31
0
11
22
18
38
5
11
2
14
49
21
32
24
25
46
13
19
1
17
6
3
5
26
8
5
36
19
26
23
4
27
2
41
10
3
29
21
30
2
4
30
13
0
25
37
7
27
22
26
1
25
28
4
41
45
15
31
13
31
35
2
48
42
14
28
24
0
25
6
4
44
20
6
14
24
38
42
34
32
32
40
47
26
3
16
7
23
37
34
49
40
47
37
26
22
37
0
42
1
18
14
29
13
41
34
39
31
2
22
15
29
31
32
23
49
13
41
6
19
6
12
48
1
11
31
14
24
44
25
11
48
25
44
37
6
25
2
21
25
30
1
40
49
43
21
38
28
17
33
0
8
3
9
8
37
39
8
20
48
6
46
27
34
29
21
12
1
42
26
4
8
14
44
9
42
30
8
42
47
9
38
5
16
18
39
38
24
0
38
3
35
22
31
43
19
12
12
43
25
0
27
4
23
31
23
20
5
36
26
27
12
12
18
0
46
47
17
27
30
49
28
19
1
3
33
13
5
5
29
25
25
48
22
37
34
45
37
9
3
3
47
17
28
21
17
33
39
45
16
35
2
18
29
26
49
39
48
48
38
18
43
24
19
37
10
14
39
14
45
4
21
49
20
48
15
2
11
48
44
18
3
31
23
15
39
31
17
28
9
6
1
35
36
18
36
32
20
36
43
26
32
7
24
11
21
34
4
9
32
24
44
14
34
4
44
27
17
36
46
43
36
24
43
26
43
10
31
12
24
36
40
45
0
16
47
15
15
45
11
46
11
32
20
43
6
2
44
9
23
39
34
38
4
45
34
17
28
36
33
3
2
20
35
22
25
3
19
6
13
16
20
23
27
30
41
41
18
7
16
40
37
46
37
28
11
46
15
24
36
39
32
22
10
44
44
9
4
2
23
14
6
36
15
35
3
18
34
13
20
5
45
47
30
1
7
37
18
10
31
20
35
41
27
21
45
17
33
14
30
38
0
17
38
31
37
46
40
48
7
6
30
5
41
17
2
8
36
43
3
31
9
10
49
37
0
22
33
18
2
29
33
25
30
29
15
43
17
21
23
4
31
22
23
45
21
24
42
43
27
23
41
14
6
11
14
32
31
16
49
7
32
0
